   113 -0.106600 0.046400 -0.060400 -0.017182 0.006565 -0.999831 -0.192121 -0.981366 -0.003214 -0.981221 0.192034 0.018123 -0.003895
   112 -0.106600 0.046400 -0.060400 -0.192121 -0.981366 -0.003214 0.017182 -0.006565 0.999831 -0.981221 0.192034 0.018123 -0.000658
   111 -0.106600 0.046400 -0.060400 -0.017182 0.006565 -0.999831 -0.192121 -0.981366 -0.003214 -0.981221 0.192034 0.018123 0.998252
   122 -0.102000 0.063100 -0.025600 0.007263 0.002887 -0.999969 -0.260570 -0.965443 -0.004688 -0.965428 0.260596 -0.006260 -0.002747
   123 -0.102000 0.063100 -0.025600 -0.260570 -0.965443 -0.004688 -0.007263 -0.002887 0.999969 -0.965428 0.260596 -0.006260 -0.004222
   121 -0.102000 0.063100 -0.025600 0.007263 0.002887 -0.999969 -0.260570 -0.965443 -0.004688 -0.965428 0.260596 -0.006260 1.001905
   132 -0.108500 0.030200 -0.026600 0.014080 0.001244 -0.999900 -0.088010 -0.996117 -0.002441 -0.996020 0.088035 -0.013916 -0.001166
   133 -0.108500 0.030200 -0.026600 -0.088010 -0.996117 -0.002441 -0.014080 -0.001244 0.999900 -0.996020 0.088035 -0.013916 -0.011912
   131 -0.108500 0.030200 -0.026600 0.014080 0.001244 -0.999900 -0.088010 -0.996117 -0.002441 -0.996020 0.088035 -0.013916 1.002610
   143 -0.109900 0.013100 -0.062700 -0.042710 0.002697 -0.999084 -0.037853 -0.999283 -0.001141 -0.998370 0.037770 0.042782 -0.002039
   142 -0.109900 0.013100 -0.062700 -0.037853 -0.999283 -0.001141 0.042710 -0.002697 0.999084 -0.998370 0.037770 0.042782 -0.001403
   141 -0.109900 0.013100 -0.062700 -0.042710 0.002697 -0.999084 -0.037853 -0.999283 -0.001141 -0.998370 0.037770 0.042782 0.994725
   213 -0.107400 0.032900 0.008000 -0.051446 0.007725 -0.998646 -0.102280 -0.994753 -0.002460 -0.993425 0.102016 0.051966 -0.005528
   212 -0.107400 0.032900 0.008000 -0.102280 -0.994753 -0.002460 0.051446 -0.007725 0.998646 -0.993425 0.102016 0.051966 0.002094
   211 -0.107400 0.032900 0.008000 -0.051446 0.007725 -0.998646 -0.102280 -0.994753 -0.002460 -0.993425 0.102016 0.051966 0.999492
   222 -0.098900 0.040300 0.041300 -0.338187 0.058981 -0.939229 -0.163205 -0.986587 -0.003176 -0.926818 0.152212 0.343277 -0.000713
   223 -0.098900 0.040300 0.041300 -0.163205 -0.986587 -0.003176 0.338187 -0.058981 0.939229 -0.926818 0.152212 0.343277 -0.003543
   221 -0.098900 0.040300 0.041300 -0.338187 0.058981 -0.939229 -0.163205 -0.986587 -0.003176 -0.926818 0.152212 0.343277 0.948473
   232 -0.101100 0.004400 0.040800 -0.341053 0.009223 -0.939999 0.039217 -0.998942 -0.024023 -0.939226 -0.045057 0.340331 -0.003529
   233 -0.101100 0.004400 0.040800 0.039217 -0.998942 -0.024023 0.341053 -0.009223 0.939999 -0.939226 -0.045057 0.340331 -0.005879
   231 -0.101100 0.004400 0.040800 -0.341053 0.009223 -0.939999 0.039217 -0.998942 -0.024023 -0.939226 -0.045057 0.340331 1.005219
   243 -0.108300 -0.001100 0.007100 -0.064486 -0.010171 -0.997867 0.083788 -0.996472 0.004781 -0.994395 -0.083300 0.065111 -0.007888
   242 -0.108300 -0.001100 0.007100 0.083788 -0.996472 0.004781 0.064486 0.010171 0.997867 -0.994395 -0.083300 0.065111 -0.003175
   241 -0.108300 -0.001100 0.007100 -0.064486 -0.010171 -0.997867 0.083788 -0.996472 0.004781 -0.994395 -0.083300 0.065111 1.007677
   313 -0.086100 0.098800 0.009000 -0.034664 0.117904 -0.992420 -0.484155 -0.870692 -0.086544 -0.874296 0.477485 0.087265 -0.005580
   312 -0.086100 0.098800 0.009000 -0.484155 -0.870692 -0.086544 0.034664 -0.117904 0.992420 -0.874296 0.477485 0.087265 0.000771
   311 -0.086100 0.098800 0.009000 -0.034664 0.117904 -0.992420 -0.484155 -0.870692 -0.086544 -0.874296 0.477485 0.087265 1.002056
   322 -0.088700 0.075700 0.041200 -0.342418 0.115179 -0.932461 -0.365309 -0.930688 0.019190 -0.865621 0.347207 0.360760 -0.004511
   323 -0.088700 0.075700 0.041200 -0.365309 -0.930688 0.019190 0.342418 -0.115179 0.932461 -0.865621 0.347207 0.360760 -0.008184
   321 -0.088700 0.075700 0.041200 -0.342418 0.115179 -0.932461 -0.365309 -0.930688 0.019190 -0.865621 0.347207 0.360760 1.014191
   333 -0.070200 0.075800 0.070700 -0.589817 0.226863 -0.775016 -0.386313 -0.922054 0.024042 -0.709152 0.313580 0.631483 -0.003312
   332 -0.070200 0.075800 0.070700 -0.386313 -0.922054 0.024042 0.589817 -0.226863 0.775016 -0.709152 0.313580 0.631483 -0.006237
   331 -0.070200 0.075800 0.070700 -0.589817 0.226863 -0.775016 -0.386313 -0.922054 0.024042 -0.709152 0.313580 0.631483 1.009782
   343 -0.100300 0.065900 0.008100 -0.063948 0.024139 -0.997661 -0.292955 -0.956116 -0.004363 -0.953985 0.291991 0.068213 -0.001065
   342 -0.100300 0.065900 0.008100 -0.292955 -0.956116 -0.004363 0.063948 -0.024139 0.997661 -0.953985 0.291991 0.068213 -0.004620
   341 -0.100300 0.065900 0.008100 -0.063948 0.024139 -0.997661 -0.292955 -0.956116 -0.004363 -0.953985 0.291991 0.068213 1.010921
   413 -0.080800 0.041300 0.072000 -0.638380 0.048320 -0.768203 -0.137516 -0.989132 0.052040 -0.757339 0.138862 0.638087 -0.001547
   412 -0.080800 0.041300 0.072000 -0.137516 -0.989132 0.052040 0.638380 -0.048320 0.768203 -0.757339 0.138862 0.638087 -0.003087
   411 -0.080800 0.041300 0.072000 -0.638380 0.048320 -0.768203 -0.137516 -0.989132 0.052040 -0.757339 0.138862 0.638087 1.006974
   422 -0.052600 0.040600 0.095200 -0.876246 -0.019297 -0.481478 -0.056861 -0.988080 0.143052 -0.478499 0.152726 0.864704 -0.003359
   423 -0.052600 0.040600 0.095200 -0.056861 -0.988080 0.143052 0.876246 0.019297 0.481478 -0.478499 0.152726 0.864704 -0.004876
   421 -0.052600 0.040600 0.095200 -0.876246 -0.019297 -0.481478 -0.056861 -0.988080 0.143052 -0.478499 0.152726 0.864704 1.006307
   432 -0.053700 0.005900 0.096900 -0.871963 -0.017888 -0.489245 0.028017 -0.999516 -0.013554 -0.488767 -0.025526 0.872041 0.000592
   433 -0.053700 0.005900 0.096900 0.028017 -0.999516 -0.013554 0.871963 0.017888 0.489245 -0.488767 -0.025526 0.872041 -0.006773
   431 -0.053700 0.005900 0.096900 -0.871963 -0.017888 -0.489245 0.028017 -0.999516 -0.013554 -0.488767 -0.025526 0.872041 1.000013
   443 -0.082900 0.006200 0.072800 -0.645476 0.002239 -0.763777 0.041733 -0.998400 -0.038158 -0.762640 -0.056505 0.644350 -0.003497
   442 -0.082900 0.006200 0.072800 0.041733 -0.998400 -0.038158 0.645476 -0.002239 0.763777 -0.762640 -0.056505 0.644350 -0.006203
   441 -0.082900 0.006200 0.072800 -0.645476 0.002239 -0.763777 0.041733 -0.998400 -0.038158 -0.762640 -0.056505 0.644350 1.006159
   513 -0.063700 0.125400 0.013600 0.006397 0.233100 -0.972432 -0.790267 -0.594678 -0.147767 -0.612728 0.769427 0.180407 -0.003998
   512 -0.063700 0.125400 0.013600 -0.790267 -0.594678 -0.147767 -0.006397 -0.233100 0.972432 -0.612728 0.769427 0.180407 -0.002566
   511 -0.063700 0.125400 0.013600 0.006397 0.233100 -0.972432 -0.790267 -0.594678 -0.147767 -0.612728 0.769427 0.180407 1.003427
   523 -0.033200 0.139700 0.017400 0.008257 0.226309 -0.974021 -0.958198 -0.276788 -0.072418 -0.285986 0.933903 0.214563 -0.003235
   522 -0.033200 0.139700 0.017400 -0.958198 -0.276788 -0.072418 -0.008257 -0.226309 0.974021 -0.285986 0.933903 0.214563 -0.003838
   521 -0.033200 0.139700 0.017400 0.008257 0.226309 -0.974021 -0.958198 -0.276788 -0.072418 -0.285986 0.933903 0.214563 0.993966
   532 -0.033700 0.127400 0.048500 -0.052331 0.470186 -0.881014 -0.961115 -0.263239 -0.083447 -0.271153 0.842389 0.465679 -0.003816
   533 -0.033700 0.127400 0.048500 -0.961115 -0.263239 -0.083447 0.052331 -0.470186 0.881014 -0.271153 0.842389 0.465679 -0.003626
   531 -0.033700 0.127400 0.048500 -0.052331 0.470186 -0.881014 -0.961115 -0.263239 -0.083447 -0.271153 0.842389 0.465679 0.999430
   542 -0.067200 0.108900 0.044300 -0.168426 0.375280 -0.911481 -0.711068 -0.686659 -0.151270 -0.682645 0.622647 0.382501 -0.003101
   543 -0.067200 0.108900 0.044300 -0.711068 -0.686659 -0.151270 0.168426 -0.375280 0.911481 -0.682645 0.622647 0.382501 -0.004699
   541 -0.067200 0.108900 0.044300 -0.168426 0.375280 -0.911481 -0.711068 -0.686659 -0.151270 -0.682645 0.622647 0.382501 1.006377
   613 -0.035800 0.104800 0.075000 -0.009453 0.770705 -0.637122 -0.956558 -0.192617 -0.218851 -0.291391 0.607375 0.739045 -0.000717
   612 -0.035800 0.104800 0.075000 -0.956558 -0.192617 -0.218851 0.009453 -0.770705 0.637122 -0.291391 0.607375 0.739045 -0.001258
   611 -0.035800 0.104800 0.075000 -0.009453 0.770705 -0.637122 -0.956558 -0.192617 -0.218851 -0.291391 0.607375 0.739045 1.004782
   622 0.000100 0.077500 0.096700 0.000165 0.914440 -0.404722 -0.999965 0.003619 0.007552 0.008370 0.404706 0.914408 -0.006125
   623 0.000100 0.077500 0.096700 -0.999965 0.003619 0.007552 -0.000165 -0.914440 0.404722 0.008370 0.404706 0.914408 -0.008985
   621 0.000100 0.077500 0.096700 0.000165 0.914440 -0.404722 -0.999965 0.003619 0.007552 0.008370 0.404706 0.914408 0.994535
   633 -0.018400 0.044000 0.106300 0.007765 0.982238 -0.187478 -0.991061 -0.017318 -0.132279 -0.133176 0.186830 0.973323 -0.012043
   632 -0.018400 0.044000 0.106300 -0.991061 -0.017318 -0.132279 -0.007765 -0.982238 0.187478 -0.133176 0.186830 0.973323 -0.007005
   631 -0.018400 0.044000 0.106300 0.007765 0.982238 -0.187478 -0.991061 -0.017318 -0.132279 -0.133176 0.186830 0.973323 0.994538
   642 -0.036800 0.075300 0.092200 -0.024358 0.895478 -0.444439 -0.950569 -0.158379 -0.267084 -0.309557 0.415964 0.855072 0.001623
   643 -0.036800 0.075300 0.092200 -0.950569 -0.158379 -0.267084 0.024358 -0.895478 0.444439 -0.309557 0.415964 0.855072 -0.004088
   641 -0.036800 0.075300 0.092200 -0.024358 0.895478 -0.444439 -0.950569 -0.158379 -0.267084 -0.309557 0.415964 0.855072 1.001862
   713 -0.018500 0.010500 0.109600 -0.989925 -0.011993 -0.141087 0.013144 -0.999886 -0.007484 -0.140981 -0.009264 0.989969 -0.004324
   712 -0.018500 0.010500 0.109600 0.013144 -0.999886 -0.007484 0.989925 0.011993 0.141087 -0.140981 -0.009264 0.989969 -0.006793
   711 -0.018500 0.010500 0.109600 -0.989925 -0.011993 -0.141087 0.013144 -0.999886 -0.007484 -0.140981 -0.009264 0.989969 0.999218
   723 0.018600 0.010500 0.109600 0.988040 -0.007391 -0.154017 0.000909 0.999115 -0.042042 0.154192 0.041400 0.987173 -0.005719
   722 0.018600 0.010500 0.109600 0.000909 0.999115 -0.042042 -0.988040 0.007391 0.154017 0.154192 0.041400 0.987173 -0.006255
   721 0.018600 0.010500 0.109600 0.988040 -0.007391 -0.154017 0.000909 0.999115 -0.042042 0.154192 0.041400 0.987173 0.999507
   733 0.018600 -0.023300 0.105900 -0.035395 -0.972184 -0.231528 0.988070 0.000687 -0.154003 0.149879 -0.234217 0.960562 -0.002388
   732 0.018600 -0.023300 0.105900 0.988070 0.000687 -0.154003 0.035395 0.972184 0.231528 0.149879 -0.234217 0.960562 -0.003650
   731 0.018600 -0.023300 0.105900 -0.035395 -0.972184 -0.231528 0.988070 0.000687 -0.154003 0.149879 -0.234217 0.960562 1.000606
   743 -0.018500 -0.023700 0.105800 0.038400 -0.971908 -0.232209 0.993265 0.011623 0.115278 -0.109341 -0.235072 0.965808 -0.002756
   742 -0.018500 -0.023700 0.105800 0.993265 0.011623 0.115278 -0.038400 0.971908 0.232209 -0.109341 -0.235072 0.965808 -0.003059
   741 -0.018500 -0.023700 0.105800 0.038400 -0.971908 -0.232209 0.993265 0.011623 0.115278 -0.109341 -0.235072 0.965808 0.996822
   813 0.000100 0.144500 0.018700 -0.000326 0.254045 -0.967192 -0.999962 -0.008473 -0.001852 -0.008665 0.967155 0.254039 -0.003052
   812 0.000100 0.144500 0.018700 -0.999962 -0.008473 -0.001852 0.000326 -0.254045 0.967192 -0.008665 0.967155 0.254039 -0.006336
   811 0.000100 0.144500 0.018700 -0.000326 0.254045 -0.967192 -0.999962 -0.008473 -0.001852 -0.008665 0.967155 0.254039 0.998546
   822 0.000100 0.131600 0.050000 0.000701 0.501759 -0.865007 -1.000000 0.000495 -0.000434 0.000210 0.865008 0.501759 -0.003335
   823 0.000100 0.131600 0.050000 -1.000000 0.000495 -0.000434 -0.000701 -0.501759 0.865007 0.000210 0.865008 0.501759 -0.006803
   821 0.000100 0.131600 0.050000 0.000701 0.501759 -0.865007 -1.000000 0.000495 -0.000434 0.000210 0.865008 0.501759 0.998987
   913 0.033100 0.139700 0.017300 -0.004450 0.239542 -0.970876 -0.965343 0.252317 0.066695 0.260945 0.937525 0.230118 0.000168
   912 0.033100 0.139700 0.017300 -0.965343 0.252317 0.066695 0.004450 -0.239542 0.970876 0.260945 0.937525 0.230118 0.000553
   911 0.033100 0.139700 0.017300 -0.004450 0.239542 -0.970876 -0.965343 0.252317 0.066695 0.260945 0.937525 0.230118 0.999669
   923 0.063800 0.125300 0.013500 -0.024020 0.215359 -0.976240 -0.789827 0.594539 0.150655 0.612857 0.774679 0.155815 -0.004543
   922 0.063800 0.125300 0.013500 -0.789827 0.594539 0.150655 0.024020 -0.215359 0.976240 0.612857 0.774679 0.155815 0.000428
   921 0.063800 0.125300 0.013500 -0.024020 0.215359 -0.976240 -0.789827 0.594539 0.150655 0.612857 0.774679 0.155815 1.004589
   932 0.067100 0.108800 0.044400 0.172854 0.375086 -0.910732 -0.711685 0.686785 0.147753 0.680897 0.622614 0.385656 -0.007111
   933 0.067100 0.108800 0.044400 -0.711685 0.686785 0.147753 -0.172854 -0.375086 0.910732 0.680897 0.622614 0.385656 0.000451
   931 0.067100 0.108800 0.044400 0.172854 0.375086 -0.910732 -0.711685 0.686785 0.147753 0.680897 0.622614 0.385656 1.004785
   942 0.033800 0.127300 0.048600 0.054589 0.465697 -0.883259 -0.962831 0.258885 0.077037 0.264539 0.846224 0.462520 -0.004482
   943 0.033800 0.127300 0.048600 -0.962831 0.258885 0.077037 -0.054589 -0.465697 0.883259 0.264539 0.846224 0.462520 0.001149
   941 0.033800 0.127300 0.048600 0.054589 0.465697 -0.883259 -0.962831 0.258885 0.077037 0.264539 0.846224 0.462520 1.001827
  1013 0.000100 0.109300 0.077100 0.000900 0.759320 -0.650717 -0.999753 -0.013799 -0.017399 -0.022191 0.650573 0.759120 0.000588
  1012 0.000100 0.109300 0.077100 -0.999753 -0.013799 -0.017399 -0.000900 -0.759320 0.650717 -0.022191 0.650573 0.759120 0.007899
  1011 0.000100 0.109300 0.077100 0.000900 0.759320 -0.650717 -0.999753 -0.013799 -0.017399 -0.022191 0.650573 0.759120 1.000000
  1023 0.035800 0.104800 0.075000 0.004681 0.763373 -0.645940 -0.962098 0.179588 0.205223 0.272665 0.620497 0.735280 0.001584
  1022 0.035800 0.104800 0.075000 -0.962098 0.179588 0.205223 -0.004681 -0.763373 0.645940 0.272665 0.620497 0.735280 0.004900
  1021 0.035800 0.104800 0.075000 0.004681 0.763373 -0.645940 -0.962098 0.179588 0.205223 0.272665 0.620497 0.735280 1.007205
  1032 0.036800 0.075200 0.092300 0.028145 0.894605 -0.445970 -0.951899 0.160151 0.261227 0.305116 0.417166 0.856082 -0.003112
  1033 0.036800 0.075200 0.092300 -0.951899 0.160151 0.261227 -0.028145 -0.894605 0.445970 0.305116 0.417166 0.856082 -0.001783
  1031 0.036800 0.075200 0.092300 0.028145 0.894605 -0.445970 -0.951899 0.160151 0.261227 0.305116 0.417166 0.856082 0.998105
  1043 0.018400 0.044200 0.106200 -0.015047 0.977378 -0.210963 -0.991794 0.012203 0.127262 0.126958 0.211147 0.969174 -0.008912
  1042 0.018400 0.044200 0.106200 -0.991794 0.012203 0.127262 0.015047 -0.977378 0.210963 0.126958 0.211147 0.969174 -0.003545
  1041 0.018400 0.044200 0.106200 -0.015047 0.977378 -0.210963 -0.991794 0.012203 0.127262 0.126958 0.211147 0.969174 0.992500
  1112 0.052500 0.040600 0.095300 0.876326 -0.017431 -0.481404 -0.056074 0.988856 -0.137909 0.478442 0.147848 0.865583 -0.001276
  1113 0.052500 0.040600 0.095300 -0.056074 0.988856 -0.137909 -0.876326 0.017431 0.481404 0.478442 0.147848 0.865583 -0.006446
  1111 0.052500 0.040600 0.095300 0.876326 -0.017431 -0.481404 -0.056074 0.988856 -0.137909 0.478442 0.147848 0.865583 0.999627
  1123 0.080900 0.041300 0.072100 0.637420 0.050536 -0.768857 -0.171283 0.982172 -0.077457 0.751236 0.181065 0.634713 -0.006259
  1122 0.080900 0.041300 0.072100 -0.171283 0.982172 -0.077457 -0.637420 -0.050536 0.768857 0.751236 0.181065 0.634713 -0.001413
  1121 0.080900 0.041300 0.072100 0.637420 0.050536 -0.768857 -0.171283 0.982172 -0.077457 0.751236 0.181065 0.634713 0.999296
  1133 0.082800 0.006100 0.072800 0.640144 0.000689 -0.768254 0.008319 0.999935 0.007867 0.768210 -0.011428 0.640097 -0.006090
  1132 0.082800 0.006100 0.072800 0.008319 0.999935 0.007867 -0.640144 -0.000689 0.768254 0.768210 -0.011428 0.640097 -0.000048
  1131 0.082800 0.006100 0.072800 0.640144 0.000689 -0.768254 0.008319 0.999935 0.007867 0.768210 -0.011428 0.640097 1.008252
  1142 0.053500 0.006200 0.097000 0.871972 -0.018333 -0.489213 0.026752 0.999590 0.010230 0.488824 -0.022008 0.872105 -0.002495
  1143 0.053500 0.006200 0.097000 0.026752 0.999590 0.010230 -0.871972 0.018333 0.489213 0.488824 -0.022008 0.872105 -0.001511
  1141 0.053500 0.006200 0.097000 0.871972 -0.018333 -0.489213 0.026752 0.999590 0.010230 0.488824 -0.022008 0.872105 0.998958
  1213 0.086200 0.098600 0.008900 0.047204 0.120575 -0.991581 -0.503245 0.860372 0.080652 0.862853 0.495202 0.101292 -0.003182
  1212 0.086200 0.098600 0.008900 -0.503245 0.860372 0.080652 -0.047204 -0.120575 0.991581 0.862853 0.495202 0.101292 -0.002858
  1211 0.086200 0.098600 0.008900 0.047204 0.120575 -0.991581 -0.503245 0.860372 0.080652 0.862853 0.495202 0.101292 1.000583
  1223 0.100300 0.066000 0.008200 0.067953 0.027784 -0.997302 -0.317133 0.948368 0.004874 0.945945 0.315947 0.073256 -0.006582
  1222 0.100300 0.066000 0.008200 -0.317133 0.948368 0.004874 -0.067953 -0.027784 0.997302 0.945945 0.315947 0.073256 -0.001583
  1221 0.100300 0.066000 0.008200 0.067953 0.027784 -0.997302 -0.317133 0.948368 0.004874 0.945945 0.315947 0.073256 0.999867
  1232 0.088700 0.075700 0.041200 0.344270 0.115916 -0.931688 -0.370989 0.928386 -0.021610 0.862461 0.353086 0.362618 -0.002630
  1233 0.088700 0.075700 0.041200 -0.370989 0.928386 -0.021610 -0.344270 -0.115916 0.931688 0.862461 0.353086 0.362618 -0.003089
  1231 0.088700 0.075700 0.041200 0.344270 0.115916 -0.931688 -0.370989 0.928386 -0.021610 0.862461 0.353086 0.362618 1.005715
  1243 0.069900 0.075800 0.070900 0.611901 0.237821 -0.754333 -0.426103 0.902616 -0.061003 0.666365 0.358751 0.653648 -0.004832
  1242 0.069900 0.075800 0.070900 -0.426103 0.902616 -0.061003 -0.611901 -0.237821 0.754333 0.666365 0.358751 0.653648 0.000783
  1241 0.069900 0.075800 0.070900 0.611901 0.237821 -0.754333 -0.426103 0.902616 -0.061003 0.666365 0.358751 0.653648 1.000626
  1312 0.098900 0.040400 0.041300 0.338830 0.059918 -0.938938 -0.163596 0.986520 0.003854 0.926512 0.152300 0.344065 -0.004397
  1313 0.098900 0.040400 0.041300 -0.163596 0.986520 0.003854 -0.338830 -0.059918 0.938938 0.926512 0.152300 0.344065 -0.006670
  1311 0.098900 0.040400 0.041300 0.338830 0.059918 -0.938938 -0.163596 0.986520 0.003854 0.926512 0.152300 0.344065 1.000137
  1323 0.107400 0.032900 0.008100 0.062598 0.011400 -0.997974 -0.129595 0.991562 0.003200 0.989589 0.129132 0.063547 -0.006992
  1322 0.107400 0.032900 0.008100 -0.129595 0.991562 0.003200 -0.062598 -0.011400 0.997974 0.989589 0.129132 0.063547 -0.004059
  1321 0.107400 0.032900 0.008100 0.062598 0.011400 -0.997974 -0.129595 0.991562 0.003200 0.989589 0.129132 0.063547 1.000000
  1333 0.108300 -0.001100 0.006800 0.050900 -0.002300 -0.998701 0.060099 0.998192 0.000800 0.996894 -0.060062 0.050947 -0.007246
  1332 0.108300 -0.001100 0.006800 0.060099 0.998192 0.000800 -0.050900 0.002300 0.998701 0.996894 -0.060062 0.050947 -0.003706
  1331 0.108300 -0.001100 0.006800 0.050900 -0.002300 -0.998701 0.060099 0.998192 0.000800 0.996894 -0.060062 0.050947 0.998791
  1342 0.101000 0.004400 0.041000 0.346704 0.008097 -0.937940 0.039168 0.998967 0.023061 0.937157 -0.044733 0.346029 -0.004239
  1343 0.101000 0.004400 0.041000 0.039168 0.998967 0.023061 -0.346704 -0.008097 0.937940 0.937157 -0.044733 0.346029 -0.001876
  1341 0.101000 0.004400 0.041000 0.346704 0.008097 -0.937940 0.039168 0.998967 0.023061 0.937157 -0.044733 0.346029 1.007577
  1412 0.102000 0.063000 -0.026000 -0.008890 0.005095 -0.999947 -0.284539 0.958636 0.007435 0.958623 0.284589 -0.007073 -0.004104
  1413 0.102000 0.063000 -0.026000 -0.284539 0.958636 0.007435 0.008890 -0.005095 0.999947 0.958623 0.284589 -0.007073 -0.005711
  1411 0.102000 0.063000 -0.026000 -0.008890 0.005095 -0.999947 -0.284539 0.958636 0.007435 0.958623 0.284589 -0.007073 0.996345
  1423 0.106500 0.046900 -0.060000 0.015462 0.008941 -0.999840 -0.184275 0.982857 0.005930 0.982753 0.184154 0.016845 -0.007743
  1422 0.106500 0.046900 -0.060000 -0.184275 0.982857 0.005930 -0.015462 -0.008941 0.999840 0.982753 0.184154 0.016845 -0.002493
  1421 0.106500 0.046900 -0.060000 0.015462 0.008941 -0.999840 -0.184275 0.982857 0.005930 0.982753 0.184154 0.016845 0.993921
  1433 0.109800 0.013100 -0.062200 0.026158 0.004595 -0.999647 -0.015752 0.999867 0.004143 0.999534 0.015638 0.026226 -0.006028
  1432 0.109800 0.013100 -0.062200 -0.015752 0.999867 0.004143 -0.026158 -0.004595 0.999647 0.999534 0.015638 0.026226 -0.003707
  1431 0.109800 0.013100 -0.062200 0.026158 0.004595 -0.999647 -0.015752 0.999867 0.004143 0.999534 0.015638 0.026226 0.990470
  1442 0.108300 0.030100 -0.026200 -0.007115 0.004374 -0.999965 -0.099801 0.994994 0.005132 0.994982 0.099834 -0.006643 -0.001820
  1443 0.108300 0.030100 -0.026200 -0.099801 0.994994 0.005132 0.007115 -0.004374 0.999965 0.994982 0.099834 -0.006643 -0.003930
  1441 0.108300 0.030100 -0.026200 -0.007115 0.004374 -0.999965 -0.099801 0.994994 0.005132 0.994982 0.099834 -0.006643 0.995427
  1512 -0.108800 -0.003200 -0.028400 0.019821 0.000732 -0.999803 0.094268 -0.995546 0.001083 -0.995350 -0.094271 -0.019802 -0.003359
  1513 -0.108800 -0.003200 -0.028400 0.094268 -0.995546 0.001083 -0.019821 -0.000732 0.999803 -0.995350 -0.094271 -0.019802 -0.003996
  1511 -0.108800 -0.003200 -0.028400 0.019821 0.000732 -0.999803 0.094268 -0.995546 0.001083 -0.995350 -0.094271 -0.019802 1.001291
  1522 -0.101700 -0.036000 -0.028100 0.031399 0.003992 -0.999499 0.342640 -0.939440 0.007055 -0.938942 -0.342690 -0.030865 0.000735
  1523 -0.101700 -0.036000 -0.028100 0.342640 -0.939440 0.007055 -0.031399 -0.003992 0.999499 -0.938942 -0.342690 -0.030865 -0.004312
  1521 -0.101700 -0.036000 -0.028100 0.031399 0.003992 -0.999499 0.342640 -0.939440 0.007055 -0.938942 -0.342690 -0.030865 1.002867
  1533 -0.095100 -0.052400 -0.062300 -0.020973 -0.002724 -0.999776 0.459175 -0.888317 -0.007184 -0.888099 -0.459223 0.019882 -0.002274
  1532 -0.095100 -0.052400 -0.062300 0.459175 -0.888317 -0.007184 0.020973 0.002724 0.999776 -0.888099 -0.459223 0.019882 -0.001772
  1531 -0.095100 -0.052400 -0.062300 -0.020973 -0.002724 -0.999776 0.459175 -0.888317 -0.007184 -0.888099 -0.459223 0.019882 0.998732
  1543 -0.106800 -0.020500 -0.062500 -0.026213 -0.000760 -0.999656 0.192893 -0.981210 -0.004324 -0.980869 -0.192941 0.025868 -0.002054
  1542 -0.106800 -0.020500 -0.062500 0.192893 -0.981210 -0.004324 0.026213 0.000760 0.999656 -0.980869 -0.192941 0.025868 -0.003459
  1541 -0.106800 -0.020500 -0.062500 -0.026213 -0.000760 -0.999656 0.192893 -0.981210 -0.004324 -0.980869 -0.192941 0.025868 1.003637
  1613 -0.101700 -0.033900 0.005600 -0.068144 -0.031507 -0.997178 0.341312 -0.939928 0.006426 -0.937478 -0.339911 0.074804 -0.006972
  1612 -0.101700 -0.033900 0.005600 0.341312 -0.939928 0.006426 0.068144 0.031507 0.997178 -0.937478 -0.339911 0.074804 0.000567
  1611 -0.101700 -0.033900 0.005600 -0.068144 -0.031507 -0.997178 0.341312 -0.939928 0.006426 -0.937478 -0.339911 0.074804 1.001154
  1622 -0.095200 -0.030800 0.039100 -0.318521 -0.056062 -0.946257 0.311929 -0.948857 -0.048694 -0.895132 -0.310675 0.319718 -0.004067
  1623 -0.095200 -0.030800 0.039100 0.311929 -0.948857 -0.048694 0.318521 0.056062 0.946257 -0.895132 -0.310675 0.319718 -0.003825
  1621 -0.095200 -0.030800 0.039100 -0.318521 -0.056062 -0.946257 0.311929 -0.948857 -0.048694 -0.895132 -0.310675 0.319718 1.021724
  1632 -0.078100 -0.062800 0.039400 -0.257737 -0.198375 -0.945632 0.600221 -0.799824 0.004163 -0.757165 -0.566514 0.325213 -0.001230
  1633 -0.078100 -0.062800 0.039400 0.600221 -0.799824 0.004163 0.257737 0.198375 0.945632 -0.757165 -0.566514 0.325213 -0.009249
  1631 -0.078100 -0.062800 0.039400 -0.257737 -0.198375 -0.945632 0.600221 -0.799824 0.004163 -0.757165 -0.566514 0.325213 1.002491
  1643 -0.086600 -0.064000 0.005500 -0.059966 -0.047890 -0.997051 0.571071 -0.820885 0.005029 -0.818705 -0.569085 0.076574 -0.002868
  1642 -0.086600 -0.064000 0.005500 0.571071 -0.820885 0.005029 0.059966 0.047890 0.997051 -0.818705 -0.569085 0.076574 -0.002960
  1641 -0.086600 -0.064000 0.005500 -0.059966 -0.047890 -0.997051 0.571071 -0.820885 0.005029 -0.818705 -0.569085 0.076574 1.000049
  1713 -0.075800 -0.079700 -0.062100 -0.003599 -0.018584 -0.999821 0.669809 -0.742447 0.011345 -0.742525 -0.669648 0.015120 -0.001961
  1712 -0.075800 -0.079700 -0.062100 0.669809 -0.742447 0.011345 0.003599 0.018584 0.999821 -0.742525 -0.669648 0.015120 -0.001212
  1711 -0.075800 -0.079700 -0.062100 -0.003599 -0.018584 -0.999821 0.669809 -0.742447 0.011345 -0.742525 -0.669648 0.015120 1.000390
  1722 -0.086100 -0.066000 -0.028200 0.023630 0.009983 -0.999671 0.579043 -0.815279 0.005541 -0.814955 -0.578983 -0.025045 -0.002845
  1723 -0.086100 -0.066000 -0.028200 0.579043 -0.815279 0.005541 -0.023630 -0.009983 0.999671 -0.814955 -0.578983 -0.025045 -0.000811
  1721 -0.086100 -0.066000 -0.028200 0.023630 0.009983 -0.999671 0.579043 -0.815279 0.005541 -0.814955 -0.578983 -0.025045 1.004665
  1732 -0.063200 -0.090500 -0.027800 0.023383 0.033787 -0.999156 0.817408 -0.576060 -0.000298 -0.575583 -0.816711 -0.041088 -0.001693
  1733 -0.063200 -0.090500 -0.027800 0.817408 -0.576060 -0.000298 -0.023383 -0.033787 0.999156 -0.575583 -0.816711 -0.041088 -0.004937
  1731 -0.063200 -0.090500 -0.027800 0.023383 0.033787 -0.999156 0.817408 -0.576060 -0.000298 -0.575583 -0.816711 -0.041088 0.995814
  1743 -0.048900 -0.099400 -0.062100 -0.012611 -0.016871 -0.999778 0.885524 -0.464582 -0.003322 -0.464422 -0.885370 0.020800 -0.002312
  1742 -0.048900 -0.099400 -0.062100 0.885524 -0.464582 -0.003322 0.012611 0.016871 0.999778 -0.464422 -0.885370 0.020800 -0.004452
  1741 -0.048900 -0.099400 -0.062100 -0.012611 -0.016871 -0.999778 0.885524 -0.464582 -0.003322 -0.464422 -0.885370 0.020800 1.001939
  1813 -0.078600 -0.028700 0.069600 -0.616424 -0.040487 -0.786373 0.249272 -0.957346 -0.146122 -0.746915 -0.286094 0.600223 -0.008548
  1812 -0.078600 -0.028700 0.069600 0.249272 -0.957346 -0.146122 0.616424 0.040487 0.786373 -0.746915 -0.286094 0.600223 -0.003962
  1811 -0.078600 -0.028700 0.069600 -0.616424 -0.040487 -0.786373 0.249272 -0.957346 -0.146122 -0.746915 -0.286094 0.600223 1.005721
  1822 -0.051800 -0.027700 0.092700 -0.860511 0.024581 -0.508838 0.106410 -0.968087 -0.226903 -0.498177 -0.249398 0.830434 -0.004695
  1823 -0.051800 -0.027700 0.092700 0.106410 -0.968087 -0.226903 0.860511 -0.024581 0.508838 -0.498177 -0.249398 0.830434 -0.004515
  1821 -0.051800 -0.027700 0.092700 -0.860511 0.024581 -0.508838 0.106410 -0.968087 -0.226903 -0.498177 -0.249398 0.830434 0.996709
  1832 -0.018100 -0.054200 0.092300 0.069436 -0.846140 -0.528418 0.988738 -0.011992 0.149179 -0.132563 -0.532825 0.835778 -0.002026
  1833 -0.018100 -0.054200 0.092300 0.988738 -0.011992 0.149179 -0.069436 0.846140 0.528418 -0.132563 -0.532825 0.835778 -0.004201
  1831 -0.018100 -0.054200 0.092300 0.069436 -0.846140 -0.528418 0.988738 -0.011992 0.149179 -0.132563 -0.532825 0.835778 0.997901
  1843 -0.055200 -0.062700 0.070700 -0.378845 -0.493645 -0.782810 0.776226 -0.630082 0.021687 -0.503941 -0.599421 0.621883 -0.005378
  1842 -0.055200 -0.062700 0.070700 0.776226 -0.630082 0.021687 0.378845 0.493645 0.782810 -0.503941 -0.599421 0.621883 -0.007309
  1841 -0.055200 -0.062700 0.070700 -0.378845 -0.493645 -0.782810 0.776226 -0.630082 0.021687 -0.503941 -0.599421 0.621883 0.994532
  1912 -0.051300 -0.086100 0.039700 -0.154569 -0.301330 -0.940908 0.886961 -0.461840 0.002236 -0.435223 -0.834203 0.338655 -0.001446
  1913 -0.051300 -0.086100 0.039700 0.886961 -0.461840 0.002236 0.154569 0.301330 0.940908 -0.435223 -0.834203 0.338655 -0.010261
  1911 -0.051300 -0.086100 0.039700 -0.154569 -0.301330 -0.940908 0.886961 -0.461840 0.002236 -0.435223 -0.834203 0.338655 1.004818
  1923 -0.033500 -0.103300 0.006200 -0.043137 -0.137006 -0.989631 0.961353 -0.275293 -0.003795 -0.271918 -0.951548 0.143586 -0.005864
  1922 -0.033500 -0.103300 0.006200 0.961353 -0.275293 -0.003795 0.043137 0.137006 0.989631 -0.271918 -0.951548 0.143586 -0.001188
  1921 -0.033500 -0.103300 0.006200 -0.043137 -0.137006 -0.989631 0.961353 -0.275293 -0.003795 -0.271918 -0.951548 0.143586 1.001397
  1932 -0.033100 -0.105100 -0.027800 0.008178 0.023282 -0.999696 0.956040 -0.293234 0.000988 -0.293121 -0.955757 -0.024656 -0.003566
  1933 -0.033100 -0.105100 -0.027800 0.956040 -0.293234 0.000988 -0.008178 -0.023282 0.999696 -0.293121 -0.955757 -0.024656 -0.008687
  1931 -0.033100 -0.105100 -0.027800 0.008178 0.023282 -0.999696 0.956040 -0.293234 0.000988 -0.293121 -0.955757 -0.024656 1.001114
  1943 -0.063600 -0.088400 0.006000 -0.061690 -0.082715 -0.994662 0.802882 -0.596138 -0.000177 -0.592942 -0.798607 0.103187 -0.001446
  1942 -0.063600 -0.088400 0.006000 0.802882 -0.596138 -0.000177 0.061690 0.082715 0.994662 -0.592942 -0.798607 0.103187 0.000777
  1941 -0.063600 -0.088400 0.006000 -0.061690 -0.082715 -0.994662 0.802882 -0.596138 -0.000177 -0.592942 -0.798607 0.103187 1.016610
  2013 -0.018600 -0.080100 0.069000 -0.001005 -0.620432 -0.784259 0.991902 -0.100229 0.078007 -0.127004 -0.777830 0.615508 -0.006508
  2012 -0.018600 -0.080100 0.069000 0.991902 -0.100229 0.078007 0.001005 0.620432 0.784259 -0.127004 -0.777830 0.615508 -0.004869
  2011 -0.018600 -0.080100 0.069000 -0.001005 -0.620432 -0.784259 0.991902 -0.100229 0.078007 -0.127004 -0.777830 0.615508 0.995338
  2023 0.018600 -0.080200 0.068900 0.001152 -0.624587 -0.780955 0.987536 0.123639 -0.097394 0.157388 -0.771109 0.616944 -0.006270
  2022 0.018600 -0.080200 0.068900 0.987536 0.123639 -0.097394 -0.001152 0.624587 0.780955 0.157388 -0.771109 0.616944 -0.006061
  2021 0.018600 -0.080200 0.068900 0.001152 -0.624587 -0.780955 0.987536 0.123639 -0.097394 0.157388 -0.771109 0.616944 1.002900
  2032 0.016900 -0.097200 0.039700 -0.000080 -0.374298 -0.927308 0.989241 0.135635 -0.054827 0.146298 -0.917336 0.370260 -0.004480
  2033 0.016900 -0.097200 0.039700 0.989241 0.135635 -0.054827 0.000080 0.374298 0.927308 0.146298 -0.917336 0.370260 -0.009222
  2031 0.016900 -0.097200 0.039700 -0.000080 -0.374298 -0.927308 0.989241 0.135635 -0.054827 0.146298 -0.917336 0.370260 1.002208
  2042 -0.017000 -0.097200 0.039700 -0.000794 -0.375721 -0.926732 0.990114 -0.130260 0.052020 -0.140262 -0.917530 0.372111 -0.001699
  2043 -0.017000 -0.097200 0.039700 0.990114 -0.130260 0.052020 0.000794 0.375721 0.926732 -0.140262 -0.917530 0.372111 -0.004719
  2041 -0.017000 -0.097200 0.039700 -0.000794 -0.375721 -0.926732 0.990114 -0.130260 0.052020 -0.140262 -0.917530 0.372111 1.002776
  2113 0.000000 -0.108600 0.007000 -0.000149 -0.165683 -0.986179 0.999888 0.014700 -0.002634 0.014933 -0.986069 0.165663 -0.003969
  2112 0.000000 -0.108600 0.007000 0.999888 0.014700 -0.002634 0.000149 0.165683 0.986179 0.014933 -0.986069 0.165663 -0.003534
  2111 0.000000 -0.108600 0.007000 -0.000149 -0.165683 -0.986179 0.999888 0.014700 -0.002634 0.014933 -0.986069 0.165663 0.997392
  2122 0.000000 -0.110600 -0.027500 0.000029 0.034259 -0.999413 0.999957 0.009307 0.000364 0.009314 -0.999370 -0.034257 -0.004266
  2123 0.000000 -0.110600 -0.027500 0.999957 0.009307 0.000364 -0.000029 -0.034259 0.999413 0.009314 -0.999370 -0.034257 -0.009998
  2121 0.000000 -0.110600 -0.027500 0.000029 0.034259 -0.999413 0.999957 0.009307 0.000364 0.009314 -0.999370 -0.034257 0.993428
  2133 0.017000 -0.109800 -0.061800 0.009958 -0.015388 -0.999832 0.987590 0.156878 0.007485 0.156736 -0.987498 0.016759 -0.006923
  2132 0.017000 -0.109800 -0.061800 0.987590 0.156878 0.007485 -0.009958 0.015388 0.999832 0.156736 -0.987498 0.016759 -0.003546
  2131 0.017000 -0.109800 -0.061800 0.009958 -0.015388 -0.999832 0.987590 0.156878 0.007485 0.156736 -0.987498 0.016759 1.001557
  2143 -0.017100 -0.109800 -0.061900 -0.007427 -0.018497 -0.999801 0.980262 -0.197672 -0.003589 -0.197566 -0.980094 0.019600 -0.004185
  2142 -0.017100 -0.109800 -0.061900 0.980262 -0.197672 -0.003589 0.007427 0.018497 0.999801 -0.197566 -0.980094 0.019600 -0.008196
  2141 -0.017100 -0.109800 -0.061900 -0.007427 -0.018497 -0.999801 0.980262 -0.197672 -0.003589 -0.197566 -0.980094 0.019600 1.006656
  2212 0.051700 -0.027600 0.092800 0.858757 0.027628 -0.511637 0.107171 0.966773 0.232088 0.501049 -0.254139 0.827263 -0.001919
  2213 0.051700 -0.027600 0.092800 0.107171 0.966773 0.232088 -0.858757 -0.027628 0.511637 0.501049 -0.254139 0.827263 -0.006377
  2211 0.051700 -0.027600 0.092800 0.858757 0.027628 -0.511637 0.107171 0.966773 0.232088 0.501049 -0.254139 0.827263 1.000738
  2223 0.078600 -0.028400 0.069800 0.623322 -0.041280 -0.780875 0.226042 0.965478 0.129452 0.748573 -0.257201 0.611135 -0.003684
  2222 0.078600 -0.028400 0.069800 0.226042 0.965478 0.129452 -0.623322 0.041280 0.780875 0.748573 -0.257201 0.611135 0.000381
  2221 0.078600 -0.028400 0.069800 0.623322 -0.041280 -0.780875 0.226042 0.965478 0.129452 0.748573 -0.257201 0.611135 1.000277
  2233 0.055300 -0.062800 0.070600 0.374866 -0.490197 -0.786882 0.759983 0.648582 -0.042033 0.530962 -0.582259 0.615673 -0.005275
  2232 0.055300 -0.062800 0.070600 0.759983 0.648582 -0.042033 -0.374866 0.490197 0.786882 0.530962 -0.582259 0.615673 -0.000008
  2231 0.055300 -0.062800 0.070600 0.374866 -0.490197 -0.786882 0.759983 0.648582 -0.042033 0.530962 -0.582259 0.615673 1.007206
  2242 0.018200 -0.054200 0.092200 -0.068764 -0.845931 -0.528840 0.988652 0.013169 -0.149646 0.133555 -0.533130 0.835425 -0.004037
  2243 0.018200 -0.054200 0.092200 0.988652 0.013169 -0.149646 0.068764 0.845931 0.528840 0.133555 -0.533130 0.835425 -0.003563
  2241 0.018200 -0.054200 0.092200 -0.068764 -0.845931 -0.528840 0.988652 0.013169 -0.149646 0.133555 -0.533130 0.835425 0.996704
  2312 0.051300 -0.086100 0.039700 0.151594 -0.299608 -0.941942 0.880156 0.474594 -0.009337 0.449837 -0.827640 0.335647 -0.001048
  2313 0.051300 -0.086100 0.039700 0.880156 0.474594 -0.009337 -0.151594 0.299608 0.941942 0.449837 -0.827640 0.335647 -0.005128
  2311 0.051300 -0.086100 0.039700 0.151594 -0.299608 -0.941942 0.880156 0.474594 -0.009337 0.449837 -0.827640 0.335647 1.009899
  2323 0.063700 -0.088400 0.006200 0.053561 -0.067534 -0.996278 0.798057 0.602578 0.002110 0.600193 -0.795200 0.086170 -0.005666
  2322 0.063700 -0.088400 0.006200 0.798057 0.602578 0.002110 -0.053561 0.067534 0.996278 0.600193 -0.795200 0.086170 -0.002113
  2321 0.063700 -0.088400 0.006200 0.053561 -0.067534 -0.996278 0.798057 0.602578 0.002110 0.600193 -0.795200 0.086170 1.005670
  2332 0.033000 -0.105100 -0.027700 -0.005116 0.023954 -0.999700 0.947506 0.319727 0.002799 0.319697 -0.947207 -0.024333 0.000141
  2333 0.033000 -0.105100 -0.027700 0.947506 0.319727 0.002799 0.005116 -0.023954 0.999700 0.319697 -0.947207 -0.024333 -0.005719
  2331 0.033000 -0.105100 -0.027700 -0.005116 0.023954 -0.999700 0.947506 0.319727 0.002799 0.319697 -0.947207 -0.024333 0.997639
  2343 0.033300 -0.103400 0.006300 0.040005 -0.118856 -0.992105 0.947579 0.319521 -0.000066 0.317006 -0.940096 0.125408 -0.003661
  2342 0.033300 -0.103400 0.006300 0.947579 0.319521 -0.000066 -0.040005 0.118856 0.992105 0.317006 -0.940096 0.125408 -0.008206
  2341 0.033300 -0.103400 0.006300 0.040005 -0.118856 -0.992105 0.947579 0.319521 -0.000066 0.317006 -0.940096 0.125408 1.002701
  2412 0.095200 -0.030600 0.039200 0.314543 -0.060421 -0.947318 0.301115 0.952781 0.039228 0.900216 -0.297591 0.317884 -0.004131
  2413 0.095200 -0.030600 0.039200 0.301115 0.952781 0.039228 -0.314543 0.060421 0.947318 0.900216 -0.297591 0.317884 -0.004897
  2411 0.095200 -0.030600 0.039200 0.314543 -0.060421 -0.947318 0.301115 0.952781 0.039228 0.900216 -0.297591 0.317884 1.001801
  2423 0.101700 -0.033800 0.005800 0.059144 -0.026014 -0.997910 0.311142 0.950343 -0.006305 0.948521 -0.310119 0.064300 -0.006622
  2422 0.101700 -0.033800 0.005800 0.311142 0.950343 -0.006305 -0.059144 0.026014 0.997910 0.948521 -0.310119 0.064300 -0.002203
  2421 0.101700 -0.033800 0.005800 0.059144 -0.026014 -0.997910 0.311142 0.950343 -0.006305 0.948521 -0.310119 0.064300 1.011095
  2433 0.086600 -0.063900 0.005600 0.057465 -0.043072 -0.997418 0.548034 0.836444 -0.004512 0.834479 -0.546360 0.071672 -0.007114
  2432 0.086600 -0.063900 0.005600 0.548034 0.836444 -0.004512 -0.057465 0.043072 0.997418 0.834479 -0.546360 0.071672 -0.005060
  2431 0.086600 -0.063900 0.005600 0.057465 -0.043072 -0.997418 0.548034 0.836444 -0.004512 0.834479 -0.546360 0.071672 1.005069
  2442 0.078100 -0.062900 0.039400 0.257538 -0.202050 -0.944908 0.594440 0.804080 -0.009849 0.761771 -0.559154 0.327188 -0.003692
  2443 0.078100 -0.062900 0.039400 0.594440 0.804080 -0.009849 -0.257538 0.202050 0.944908 0.761771 -0.559154 0.327188 -0.004705
  2441 0.078100 -0.062900 0.039400 0.257538 -0.202050 -0.944908 0.594440 0.804080 -0.009849 0.761771 -0.559154 0.327188 1.007198
  2512 0.063000 -0.090600 -0.027600 -0.022351 0.037110 -0.999061 0.803646 0.595094 0.004075 0.594686 -0.802801 -0.043124 -0.000947
  2513 0.063000 -0.090600 -0.027600 0.803646 0.595094 0.004075 0.022351 -0.037110 0.999061 0.594686 -0.802801 -0.043124 -0.005176
  2511 0.063000 -0.090600 -0.027600 -0.022351 0.037110 -0.999061 0.803646 0.595094 0.004075 0.594686 -0.802801 -0.043124 0.994147
  2522 0.086100 -0.066100 -0.028000 -0.021120 0.011577 -0.999710 0.561210 0.827670 -0.002303 0.827403 -0.561096 -0.023977 -0.003414
  2523 0.086100 -0.066100 -0.028000 0.561210 0.827670 -0.002303 0.021120 -0.011577 0.999710 0.827403 -0.561096 -0.023977 -0.007745
  2521 0.086100 -0.066100 -0.028000 -0.021120 0.011577 -0.999710 0.561210 0.827670 -0.002303 0.827403 -0.561096 -0.023977 0.991703
  2533 0.075700 -0.079800 -0.062000 0.011661 0.001652 -0.999931 0.699313 0.714753 0.009407 0.714720 -0.699374 0.007180 -0.003713
  2532 0.075700 -0.079800 -0.062000 0.699313 0.714753 0.009407 -0.011661 -0.001652 0.999931 0.714720 -0.699374 0.007180 -0.005999
  2531 0.075700 -0.079800 -0.062000 0.011661 0.001652 -0.999931 0.699313 0.714753 0.009407 0.714720 -0.699374 0.007180 1.012945
  2543 0.048800 -0.099400 -0.062100 0.016965 -0.019906 -0.999658 0.912255 0.409556 0.007400 0.409269 -0.912068 0.025107 -0.004349
  2542 0.048800 -0.099400 -0.062100 0.912255 0.409556 0.007400 -0.016965 0.019906 0.999658 0.409269 -0.912068 0.025107 -0.000285
  2541 0.048800 -0.099400 -0.062100 0.016965 -0.019906 -0.999658 0.912255 0.409556 0.007400 0.409269 -0.912068 0.025107 1.008076
  2612 0.108700 -0.003300 -0.028000 -0.013164 0.002821 -0.999909 0.076452 0.997072 0.001778 0.996986 -0.076422 -0.013341 -0.004763
  2613 0.108700 -0.003300 -0.028000 0.076452 0.997072 0.001778 0.013164 -0.002821 0.999909 0.996986 -0.076422 -0.013341 -0.004688
  2611 0.108700 -0.003300 -0.028000 -0.013164 0.002821 -0.999909 0.076452 0.997072 0.001778 0.996986 -0.076422 -0.013341 0.993105
  2623 0.106800 -0.020600 -0.062100 0.021897 0.002557 -0.999757 0.215337 0.976513 0.007194 0.976294 -0.215442 0.020832 -0.008384
  2622 0.106800 -0.020600 -0.062100 0.215337 0.976513 0.007194 -0.021897 -0.002557 0.999757 0.976294 -0.215442 0.020832 -0.003574
  2621 0.106800 -0.020600 -0.062100 0.021897 0.002557 -0.999757 0.215337 0.976513 0.007194 0.976294 -0.215442 0.020832 1.002367
  2633 0.095100 -0.052400 -0.062000 0.017636 0.001978 -0.999843 0.477143 0.878767 0.010108 0.878649 -0.477247 0.014554 -0.005944
  2632 0.095100 -0.052400 -0.062000 0.477143 0.878767 0.010108 -0.017636 -0.001978 0.999843 0.878649 -0.477247 0.014554 -0.002000
  2631 0.095100 -0.052400 -0.062000 0.017636 0.001978 -0.999843 0.477143 0.878767 0.010108 0.878649 -0.477247 0.014554 1.002321
  2642 0.101700 -0.036100 -0.027800 -0.022030 0.003263 -0.999752 0.334549 0.942368 -0.004317 0.942121 -0.334560 -0.021852 -0.002603
  2643 0.101700 -0.036100 -0.027800 0.334549 0.942368 -0.004317 0.022030 -0.003263 0.999752 0.942121 -0.334560 -0.021852 -0.004160
  2641 0.101700 -0.036100 -0.027800 -0.022013 0.003310 -0.999752 0.334550 0.942368 -0.004266 0.942121 -0.334560 -0.021852 1.009646
